//Part (a)//


**BINODAL CURVE POINTS START** 

Temperature [K] Saturation Pressure [bar] Saturated Liquid Molar Volume [cm3/mol] Saturated Vapor Molar Volume [cm3/mol]

90 0.012738280929625034 7.193856213392788 58673.04661230434
100 0.039637088775634766 7.29241134832864 20914.647742776342
110 0.10027876123785973 7.396969699386402 9065.259451155916
120 0.2173902466893196 7.508233781029189 4539.498543775046
130 0.4187915474176407 7.627017603267466 2534.9838466336405
140 0.7357914000749588 7.7542706199209395 1539.4581867701952
150 1.2015625834465027 7.891109785498733 998.2722040799301
160 1.8497630953788757 8.038862536819265 681.9108070157746
170 2.7134940028190613 8.19912488311875 485.6787910530595
180 3.824591636657715 8.373840984617056 357.8353508002974
190 5.213148891925812 8.565414496109835 271.0465390681134
200 6.90731406211853 8.776867496977111 210.03034573212463
210 8.933186531066895 9.012074482002696 165.822160068566
220 11.314809322357178 9.27611837025924 132.93946648028793
230 14.074206352233887 9.575854679271709 107.90460288465866
240 17.231613397598267 9.920847944605786 88.43708270928342
250 20.805418491363525 10.32503378107139 72.99681985888525
260 24.81234073638916 10.80990303478368 60.5104817677033
270 29.26790714263916 11.411292099789721 50.20000388133183
275 31.66818618774414 11.774521016203375 45.66982564179257
280 34.18576717376709 12.19644431307657 41.466649273107045
285 36.82219982147217 12.698822027758753 37.52403733482721
290 39.578914642333984 13.319074021192392 33.766155063978964
295 42.45734214782715 14.13144989456963 30.085291995799
300 45.45879364013672 15.32855768990831 26.259905168077655
301 46.07391357421875 15.659624928195257 25.429998076516025
302 46.69380187988281 16.047651840896293 24.553215471370073
303 47.31941223144531 16.51987456085964 23.594633824648184
304 47.949790954589844 17.14296763568308 22.492302413574905
305 48.583984375 18.182669858033357 21.02103545049602
305.1 48.648834228515625 18.324695333201444 20.768956389821557
305.2 48.71177673339844 18.559406130131833 20.563359387488024
305.3 48.77471923828125 19.042668194908632 20.345969669440674
305.35 48.80809783935547 18.99413091305087 19.988749322234625
305.38 48.827171325683594 19.20378214058184 19.833381791591016

**BINODAL CURVE POINTS END** 



**SPINODAL CURVE POINTS START** 

Temperature [K] Minimum Pressure [bar] Minimum Molar Volume [cm3/mol] Maximum Pressure [bar] Maximum Molar Volume [cm3/mol] 

10 -1705.0399187174753 60.88084847409592 0.03133637910639913 13265.410273297839
20 -1876.0369192678136 59.39238753022581 0.12660460613907193 6566.245540592641
30 -2011.5322565246154 58.32012004657883 0.287781358081824 4332.493323813417
40 -2128.626603484972 57.458894449837786 0.5169699261067938 3215.0658249337
50 -2233.947728359772 56.73012903494949 0.8164130702556467 2544.1433310125312
60 -2330.8966464986934 56.09392686295458 1.1885077098134638 2096.450561956032
70 -2421.4947949859525 55.5268101790992 1.635821794364994 1776.2961093978804
80 -2507.0599327486084 55.013618546945374 2.1611137823576057 1535.8322538304826
90 -2588.50783915487 54.54391149844782 2.7673552596494972 1348.4748564451859
100 -2666.5056156820247 54.11014987993656 3.4577573683345384 1198.2712624018682
110 -2741.557112750169 53.70668739434179 4.235801897906019 1075.067467793965
120 -2814.053957055385 53.329171112223676 5.105278133494841 972.0916303175967
130 -2884.307733344612 52.97416515768259 6.0703268842192095 884.6527952572101
140 -2952.5711886479457 52.63890389581373 7.135493565336167 809.397203255539
150 -3019.052716314927 52.32112409999327 8.305792836497567 743.8619412266643
160 -3083.9265533351254 52.01894731308846 9.58678819101187 686.1958035786947
170 -3147.34014680231 51.7307952351249 10.984691183891666 634.9784504748073
180 -3209.419594749726 51.45532749599521 12.506486901393153 589.0995492466782
190 -3270.2737431334745 51.191394994989565 14.160095183578512 547.6756733150931
200 -3329.9973237452073 50.93800431123126 15.954581659329003 509.9915536164873
210 -3388.673394022379 50.69429014484738 17.900440004363773 475.4572692259664
220 -3446.375259727107 50.4594936868375 20.009979185618903 443.5758241165814
230 -3503.1680084969316 50.23294543516628 22.297871189892323 413.9171238086137
240 -3559.1097464255013 50.01405139281647 24.78195515533975 386.0949804121078
250 -3614.252605092987 49.802281871441565 27.484474306586776 359.7433360689299
260 -3668.6435690881895 49.597162325989544 30.43409682219171 334.4854893247237
270 -3722.325161659019 49.398265789326004 33.66949689875172 309.8822718013304
275 -3748.912155099231 49.30102916121903 35.410795750310534 297.6466071575979
280 -3775.3360171416307 49.20520657969219 37.24648507422211 285.3173553693917
285 -3801.601048347163 49.11075542113307 39.18892104654435 272.7360368149764
290 -3827.711362220805 49.01763502986343 41.2550953244447 259.6478301412191
295 -3853.670896429653 48.92580659607895 43.470377998156955 245.57284394220747
300 -3879.4834231698896 48.8352330432527 45.87868939694259 229.31765965708755
301 -3884.628608498818 48.81726577147705 46.390462744060585 225.53026503813936
302 -3889.7680868605075 48.7993469961037 46.914975803579225 221.40899307140975
303 -3894.901886231321 48.78147644351181 47.45431370481685 216.7822175623519
304 -3900.030034357996 48.76365384247317 48.011837478308564 211.26333579244363
305 -3905.152558760278 48.745878924123915 48.594600420576654 203.3967397934835
305.1 -3905.6645029484653 48.74410404455554 48.65491639866875 202.23047367611787
305.2 -3906.1763911997186 48.74232963888158 48.71578843367558 200.86160838191816
305.3 -3906.688223541187 48.74055570683711 48.77735423829824 199.10090768916265
305.35 -3906.9441187542307 48.73966891834315 48.80848481540015 197.87147359639567
305.38 -3907.097649177549 48.739136902036755 48.82732528044898 196.79116492260854
310 -3930.681772531606 48.65771032449091 51.8575117011702 191.74117207531086
330 -4031.4640973104542 48.31626168112344 66.86366180019732 178.81674323108209
350 -4130.252138726404 47.99141143109033 85.40988777375065 167.38060412343353
400 -4369.536958207121 47.24196875846095 152.58935760961108 143.83328672987562
450 -4599.410234301245 46.56734452255069 264.37568224123845 125.56456872459695
500 -4821.383400257538 45.95361391973139 451.57469547647156 110.98660992741932
600 -5245.947307436867 44.8701202981263 1360.0704735095278 89.201120590341

**SPINODAL CURVE POINTS END** 

//End of Part (a)//


//Part (b)//


Temperature [K] Pressure [bar] Fugacity [bar] Phase

100 0.1 0.03954374406763926 Liquid
100 0.2 0.039578443552907745 Liquid
100 0.3 0.039613173025322405 Liquid
100 0.4 0.03964793251052559 Liquid
100 0.5 0.039682722034182064 Liquid
100 0.6 0.039717541621977735 Liquid
100 0.7 0.039752391299620445 Liquid
100 0.8 0.039787271092839936 Liquid
100 0.9 0.03982218102738777 Liquid
100 1.0 0.03985712112903726 Liquid
100 1.2 0.03992709193684392 Liquid
100 1.4 0.03999718372288402 Liquid
100 1.6 0.04006739669413231 Liquid
100 1.8 0.04013773105791468 Liquid
100 2.0 0.0402081870219089 Liquid
100 2.5 0.04038486029888576 Liquid
100 3.0 0.04056229813846832 Liquid
100 3.5 0.04074050381463141 Liquid
100 4.0 0.04091948061525184 Liquid
100 4.5 0.04109923184216832 Liquid
100 5.0 0.041279760811239276 Liquid
100 6.0 0.04164316530973481 Liquid
100 7.0 0.04200972092026341 Liquid
100 8.0 0.04237945468048286 Liquid
100 9.0 0.04275239385811269 Liquid
100 10.0 0.04312856595287818 Liquid
100 12.0 0.04389072006452873 Liquid
100 14.0 0.044666141728285404 Liquid
100 16.0 0.04545505949632072 Liquid
100 18.0 0.04625770582529014 Liquid
100 20.0 0.0470743171425929 Liquid
100 22.0 0.047905133913750016 Liquid
100 24.0 0.04875040071092129 Liquid
100 26.0 0.049610366282575924 Liquid
100 28.0 0.05048528362433992 Liquid
100 30.0 0.05137541005103867 Liquid
100 32.0 0.0522810072699541 Liquid
100 34.0 0.05320234145531813 Liquid
100 36.0 0.05413968332406157 Liquid
100 38.0 0.055093308212842085 Liquid
100 40.0 0.056063496156368964 Liquid
100 42.0 0.05705053196705075 Liquid
100 44.0 0.058054705315983765 Liquid
100 46.0 0.059076310815308064 Liquid
100 48.0 0.060115648101949665 Liquid
100 48.84 0.06055753050727811 Liquid
100 50.0 0.06117302192277611 Liquid
100 55.0 0.06389741334248422 Liquid
100 60.0 0.0667414739097799 Liquid
100 65.0 0.06971040817317219 Liquid
100 70.0 0.07280964525160176 Liquid
100 80.0 0.07942192536079484 Liquid
100 90.0 0.08662661487047281 Liquid
100 100.0 0.09447626800346914 Liquid
120 0.1 0.09950567452637639 Vapor
120 0.2 0.1980227349105057 Vapor
120 0.3 0.2151881282394284 Liquid
120 0.4 0.21535012917911223 Liquid
120 0.5 0.2155122490611438 Liquid
120 0.6 0.21567448797160402 Liquid
120 0.7 0.21583684599663538 Liquid
120 0.8 0.2159993232224415 Liquid
120 0.9 0.2161619197352907 Liquid
120 1.0 0.21632463562150886 Liquid
120 1.2 0.21665042585967406 Liquid
120 1.4 0.2169766946287956 Liquid
120 1.6 0.21730344262171905 Liquid
120 1.8 0.21763067053228458 Liquid
120 2.0 0.21795837905532223 Liquid
120 2.5 0.21877975761128382 Liquid
120 3.0 0.2196041552463335 Liquid
120 3.5 0.2204315828990003 Liquid
120 4.0 0.22126205154696899 Liquid
120 4.5 0.22209557220722415 Liquid
120 5.0 0.22293215593618335 Liquid
120 6.0 0.2246145570239153 Liquid
120 7.0 0.22630934405558167 Liquid
120 8.0 0.22801660691659542 Liquid
120 9.0 0.22973643613692257 Liquid
120 10.0 0.23146892289566418 Liquid
120 12.0 0.23497223701822698 Liquid
120 14.0 0.2385272918761431 Liquid
120 16.0 0.24213484074642677 Liquid
120 18.0 0.24579564774377724 Liquid
120 20.0 0.24951048797526437 Liquid
120 22.0 0.2532801476972094 Liquid
120 24.0 0.2571054244742779 Liquid
120 26.0 0.2609871273408335 Liquid
120 28.0 0.2649260769645627 Liquid
120 30.0 0.26892310581242607 Liquid
120 32.0 0.2729790583189503 Liquid
120 34.0 0.2770947910569044 Liquid
120 36.0 0.28127117291038906 Liquid
120 38.0 0.2855090852503746 Liquid
120 40.0 0.2898094221127217 Liquid
120 42.0 0.2941730903787239 Liquid
120 44.0 0.29860100995819566 Liquid
120 46.0 0.30309411397515773 Liquid
120 48.0 0.3076533489561467 Liquid
120 48.84 0.3095881783778487 Liquid
120 50.0 0.31227967502118215 Liquid
120 55.0 0.32414543940397295 Liquid
120 60.0 0.3364522519858009 Liquid
120 65.0 0.349216282523672 Liquid
120 70.0 0.36245428712886035 Liquid
120 80.0 0.39042230205974476 Liquid
120 90.0 0.42050289327347057 Liquid
120 100.0 0.45285346950497063 Liquid
140 0.1 0.09964479941734164 Vapor
140 0.2 0.19857924253258796 Vapor
140 0.3 0.2968033697320753 Vapor
140 0.4 0.39431718447994746 Vapor
140 0.5 0.4911206519548803 Vapor
140 0.6 0.5872136976130704 Vapor
140 0.7 0.6825962056723521 Vapor
140 0.8 0.7168687351733047 Liquid
140 0.9 0.717346456241622 Liquid
140 1.0 0.7178244833187548 Liquid
140 1.2 0.7187814562709238 Liquid
140 1.4 0.7197396555739238 Liquid
140 1.6 0.7206990827737733 Liquid
140 1.8 0.721659739418408 Liquid
140 2.0 0.7226216270576761 Liquid
140 2.5 0.7250317419455261 Liquid
140 3.0 0.7274495845523881 Liquid
140 3.5 0.7298751792522443 Liquid
140 4.0 0.7323085504944685 Liquid
140 4.5 0.7347497228040878 Liquid
140 5.0 0.7371987207819877 Liquid
140 6.0 0.7421202925269698 Liquid
140 7.0 0.7470734640629176 Liquid
140 8.0 0.7520584349523572 Liquid
140 9.0 0.7570754059944513 Liquid
140 10.0 0.7621245792326321 Liquid
140 12.0 0.7723203467386066 Liquid
140 14.0 0.7826473789968559 Liquid
140 16.0 0.7931073379396072 Liquid
140 18.0 0.8037019061576668 Liquid
140 20.0 0.8144327871563581 Liquid
140 22.0 0.8253017056145849 Liquid
140 24.0 0.8363104076469783 Liquid
140 26.0 0.8474606610692377 Liquid
140 28.0 0.858754255666655 Liquid
140 30.0 0.8701930034658888 Liquid
140 32.0 0.8817787390100286 Liquid
140 34.0 0.8935133196369789 Liquid
140 36.0 0.9053986257612048 Liquid
140 38.0 0.9174365611588963 Liquid
140 40.0 0.9296290532565795 Liquid
140 42.0 0.9419780534232293 Liquid
140 44.0 0.9544855372659076 Liquid
140 46.0 0.967153504928992 Liquid
140 48.0 0.9799839813970315 Liquid
140 48.84 0.9854217339097361 Liquid
140 50.0 0.9929790168012699 Liquid
140 55.0 1.0262002352039998 Liquid
140 60.0 1.0604961321359643 Liquid
140 65.0 1.095900888012043 Liquid
140 70.0 1.1324497536610116 Liquid
140 80.0 1.2091263703103985 Liquid
140 90.0 1.2908306870464594 Liquid
140 100.0 1.377886773657955 Liquid
160 0.1 0.09973415657971549 Vapor
160 0.2 0.19893666687388445 Vapor
160 0.3 0.2976075807428113 Vapor
160 0.4 0.3957469331044101 Vapor
160 0.5 0.49335474353050807 Vapor
160 0.6 0.5904310158271803 Vapor
160 0.7 0.6869757375983072 Vapor
160 0.8 0.7829888797914928 Vapor
160 0.9 0.878470396225429 Vapor
160 1.0 0.9734202230977326 Vapor
160 1.2 1.1617244617445126 Vapor
160 1.4 1.3479007128565188 Vapor
160 1.6 1.531947776446588 Vapor
160 1.8 1.7138641155452896 Vapor
160 2.0 1.76039424183477 Liquid
160 2.5 1.7657206981125813 Liquid
160 3.0 1.771062312818736 Liquid
160 3.5 1.7764191286051274 Liquid
160 4.0 1.7817911882384436 Liquid
160 4.5 1.787178534600525 Liquid
160 5.0 1.792581210688668 Liquid
160 6.0 1.8034327246116786 Liquid
160 7.0 1.8143460763078336 Liquid
160 8.0 1.8253216139461923 Liquid
160 9.0 1.8363596875752148 Liquid
160 10.0 1.8474606491334524 Liquid
160 12.0 1.8698526533070017 Liquid
160 14.0 1.8925004801877559 Liquid
160 16.0 1.9154070144322728 Liquid
160 18.0 1.9385751719841506 Liquid
160 20.0 1.9620079004285225 Liquid
160 22.0 1.9857081793498264 Liquid
160 24.0 2.009679020692798 Liquid
160 26.0 2.0339234691268455 Liquid
160 28.0 2.0584446024137906 Liquid
160 30.0 2.0832455317791276 Liquid
160 32.0 2.108329402286743 Liquid
160 34.0 2.13369939321729 Liquid
160 36.0 2.159358718450135 Liquid
160 38.0 2.185310626849058 Liquid
160 40.0 2.2115584026517157 Liquid
160 42.0 2.238105365862884 Liquid
160 44.0 2.2649548726516056 Liquid
160 46.0 2.292110315752276 Liquid
160 48.0 2.3195751248696945 Liquid
160 48.84 2.3312034303317937 Liquid
160 50.0 2.347352767088183 Liquid
160 55.0 2.418188612343671 Liquid
160 60.0 2.4910574916311794 Liquid
160 65.0 2.566016756353876 Liquid
160 70.0 2.64312533468429 Liquid
160 80.0 2.8040342917473766 Liquid
160 90.0 2.9742890109528193 Liquid
160 100.0 3.154422283379504 Liquid
180 0.1 0.09979477598051056 Vapor
180 0.2 0.199179138412444 Vapor
180 0.3 0.2981531341260659 Vapor
180 0.4 0.39671680330508796 Vapor
180 0.5 0.49487017935074934 Vapor
180 0.6 0.592613288741824 Vapor
180 0.7 0.6899461508903985 Vapor
180 0.8 0.786868777993255 Vapor
180 0.9 0.8833811748786915 Vapor
180 1.0 0.9794833388485953 Vapor
180 1.2 1.1704569186350307 Vapor
180 1.4 1.3597893389209756 Vapor
180 1.6 1.5474802898773126 Vapor
180 1.8 1.7335293242680754 Vapor
180 2.0 1.9179358510390827 Vapor
180 2.5 2.3717609388665433 Vapor
180 3.0 2.8152992120345512 Vapor
180 3.5 3.2485275948264256 Vapor
180 4.0 3.5276980623409067 Liquid
180 4.5 3.5375794452432605 Liquid
180 5.0 3.547486005680195 Liquid
180 6.0 3.567374919913963 Liquid
180 7.0 3.5873653280077735 Liquid
180 8.0 3.607457755263943 Liquid
180 9.0 3.627652729338 Liquid
180 10.0 3.6479507802551443 Liquid
180 12.0 3.688858244665943 Liquid
180 14.0 3.7301844367116854 Liquid
180 16.0 3.771933683564222 Liquid
180 18.0 3.8141103518686106 Liquid
180 20.0 3.856718848257496 Liquid
180 22.0 3.8997636198635695 Liquid
180 24.0 3.9432491548306134 Liquid
180 26.0 3.987179982823416 Liquid
180 28.0 4.031560675536968 Liquid
180 30.0 4.076395847205341 Liquid
180 32.0 4.121690155110409 Liquid
180 34.0 4.167448300090907 Liquid
180 36.0 4.213675027051913 Liquid
180 38.0 4.260375125475191 Liquid
180 40.0 4.3075534299304765 Liquid
180 42.0 4.35521482058809 Liquid
180 44.0 4.403364223732952 Liquid
180 46.0 4.452006612280389 Liquid
180 48.0 4.501147006293675 Liquid
180 48.84 4.521935694366663 Liquid
180 50.0 4.550790473503771 Liquid
180 55.0 4.677133780005332 Liquid
180 60.0 4.806734680798759 Liquid
180 65.0 4.939676409637734 Liquid
180 70.0 5.076044207313523 Liquid
180 80.0 5.359409327543853 Liquid
180 90.0 5.657554152225143 Liquid
180 100.0 5.971238405784826 Liquid
200 0.1 0.09983767680152404 Vapor
200 0.2 0.19935073620407912 Vapor
200 0.3 0.29853921935353833 Vapor
200 0.4 0.39740316422144584 Vapor
200 0.5 0.4959426055546542 Vapor
200 0.6 0.5941575748237867 Vapor
200 0.7 0.6920481001704913 Vapor
200 0.8 0.7896142063534498 Vapor
200 0.9 0.8868559146931018 Vapor
200 1.0 0.9837732430150511 Vapor
200 1.2 1.176634813084917 Vapor
200 1.4 1.3681989870332845 Vapor
200 1.6 1.5584657755537956 Vapor
200 1.8 1.7474351274944 Vapor
200 2.0 1.9351069276833164 Vapor
200 2.5 2.3986082785840797 Vapor
200 3.0 2.8539938416384127 Vapor
200 3.5 3.3012559030845305 Vapor
200 4.0 3.7403835075577114 Vapor
200 4.5 4.171362119032936 Vapor
200 5.0 4.594173229127075 Vapor
200 6.0 5.415196241414504 Vapor
200 7.0 6.134569982552008 Liquid
200 8.0 6.16702201915006 Liquid
200 9.0 6.199622006074783 Liquid
200 10.0 6.232370692771947 Liquid
200 12.0 6.29831717264339 Liquid
200 14.0 6.36486749254129 Liquid
200 16.0 6.4320277184556724 Liquid
200 18.0 6.499803950075793 Liquid
200 20.0 6.568202322203452 Liquid
200 22.0 6.637229006100361 Liquid
200 24.0 6.706890210775792 Liquid
200 26.0 6.777192184219809 Liquid
200 28.0 6.848141214587295 Liquid
200 30.0 6.9197436313370195 Liquid
200 32.0 6.992005806329912 Liquid
200 34.0 7.064934154890166 Liquid
200 36.0 7.138535136832423 Liquid
200 38.0 7.21281525745816 Liquid
200 40.0 7.2877810685239 Liquid
200 42.0 7.363439169183821 Liquid
200 44.0 7.439796206908965 Liquid
200 46.0 7.516858878385183 Liquid
200 48.0 7.5946339303917085 Liquid
200 48.84 7.627513517492277 Liquid
200 50.0 7.67312816066203 Liquid
200 55.0 7.872555221018915 Liquid
200 60.0 8.07662857871817 Liquid
200 65.0 8.285458847880593 Liquid
200 70.0 8.499158853528847 Liquid
200 80.0 8.9416308747108 Liquid
200 90.0 9.40499426021218 Liquid
200 100.0 9.890238656198099 Liquid
220 0.1 0.09986907852954251 Vapor
220 0.2 0.1994763385789533 Vapor
220 0.3 0.29882181565096616 Vapor
220 0.4 0.39790554364792163 Vapor
220 0.5 0.4967275548517074 Vapor
220 0.6 0.5952878799033278 Vapor
220 0.7 0.6935865477820937 Vapor
220 0.8 0.791623585784424 Vapor
220 0.9 0.889399019502249 Vapor
220 1.0 0.986912872801006 Vapor
220 1.2 1.1811559248356496 Vapor
220 1.4 1.3743528974192363 Vapor
220 1.6 1.566503916978454 Vapor
220 1.8 1.7576090800538906 Vapor
220 2.0 1.9476684524872387 Vapor
220 2.5 2.4182416945725103 Vapor
220 3.0 2.8822785011286745 Vapor
220 3.5 3.3397771423391984 Vapor
220 4.0 3.7907344259402604 Vapor
220 4.5 4.235145583455863 Vapor
220 5.0 4.673004143338256 Vapor
220 6.0 5.529028199633479 Vapor
220 7.0 6.358714908811421 Vapor
220 8.0 7.1619341667952865 Vapor
220 9.0 7.938509446108895 Vapor
220 10.0 8.688207228107036 Vapor
220 12.0 9.66601004551927 Liquid
220 14.0 9.764368425979976 Liquid
220 16.0 9.863514068197563 Liquid
220 18.0 9.963456021400864 Liquid
220 20.0 10.06420327783986 Liquid
220 22.0 10.165764782360059 Liquid
220 24.0 10.268149441061633 Liquid
220 26.0 10.371366129155373 Liquid
220 28.0 10.475423698111952 Liquid
220 30.0 10.58033098218711 Liquid
220 32.0 10.686096804394387 Liquid
220 34.0 10.792729981987453 Liquid
220 36.0 10.900239331505809 Liquid
220 38.0 11.008633673431198 Liquid
220 40.0 11.117921836495535 Liquid
220 42.0 11.228112661676851 Liquid
220 44.0 11.339215005914816 Liquid
220 46.0 11.451237745573959 Liquid
220 48.0 11.56418977967958 Liquid
220 48.84 11.611908895465492 Liquid
220 50.0 11.678080032948024 Liquid
220 55.0 11.966969208106974 Liquid
220 60.0 12.261919094994289 Liquid
220 65.0 12.563071943900223 Liquid
220 70.0 12.870571664237513 Liquid
220 80.0 13.505196737081397 Liquid
220 90.0 14.166985315037541 Liquid
220 100.0 14.857165039298271 Liquid
240 0.1 0.099892703624752 Vapor
240 0.2 0.19957083529862987 Vapor
240 0.3 0.2990344255955754 Vapor
240 0.4 0.39828350424887954 Vapor
240 0.5 0.4973181001427514 Vapor
240 0.6 0.596138241303761 Vapor
240 0.7 0.6947439548921556 Vapor
240 0.8 0.7931352671930444 Vapor
240 0.9 0.8913122036074512 Vapor
240 1.0 0.9892747886432319 Vapor
240 1.2 1.184556998089035 Vapor
240 1.4 1.3789820733760259 Vapor
240 1.6 1.5725501774541197 Vapor
240 1.8 1.7652614580615238 Vapor
240 2.0 1.9571160473987754 Vapor
240 2.5 2.433005219821699 Vapor
240 3.0 2.9035421211280563 Vapor
240 3.5 3.3687274480690963 Vapor
240 4.0 3.828561188612079 Vapor
240 4.5 4.283042579686775 Vapor
240 5.0 4.732170061200509 Vapor
240 6.0 5.614352764541507 Vapor
240 7.0 6.475078851094084 Vapor
240 8.0 7.314301374941069 Vapor
240 9.0 8.131954437985488 Vapor
240 10.0 8.927950184968434 Vapor
240 12.0 10.454485224378084 Vapor
240 14.0 11.892596292313877 Vapor
240 16.0 13.240247361298408 Vapor
240 18.0 14.077467505443543 Liquid
240 20.0 14.21771209765326 Liquid
240 22.0 14.35886991702387 Liquid
240 24.0 14.500958731254425 Liquid
240 26.0 14.643995596017826 Liquid
240 28.0 14.78799694501528 Liquid
240 30.0 14.932978666887465 Liquid
240 32.0 15.078956171305505 Liquid
240 34.0 15.225944446089196 Liquid
240 36.0 15.373958106833197 Liquid
240 38.0 15.523011440238081 Liquid
240 40.0 15.673118442121034 Liquid
240 42.0 15.824292850904973 Liquid
240 44.0 15.97654817724568 Liquid
240 46.0 16.12989773034428 Liquid
240 48.0 16.28435464140218 Liquid
240 48.84 16.349559884118722 Liquid
240 50.0 16.439931884601865 Liquid
240 55.0 16.833860387383215 Liquid
240 60.0 17.235068410960366 Liquid
240 65.0 17.643750122092754 Liquid
240 70.0 18.060097410815462 Liquid
240 80.0 18.91655005618148 Liquid
240 90.0 19.80594581131997 Liquid
240 100.0 20.729810315127157 Liquid
260 0.1 0.0999108884065911 Vapor
260 0.2 0.19964357147711737 Vapor
260 0.3 0.29919807564861645 Vapor
260 0.4 0.39857442690308836 Vapor
260 0.5 0.49777265076381483 Vapor
260 0.6 0.5967927722916339 Vapor
260 0.7 0.6956348160811697 Vapor
260 0.8 0.7942988062570164 Vapor
260 0.9 0.8927847664698754 Vapor
260 1.0 0.9910927198926446 Vapor
260 1.2 1.1871746966466925 Vapor
260 1.4 1.382544912194648 Vapor
260 1.6 1.5772035343086859 Vapor
260 1.8 1.7711507227237686 Vapor
260 2.0 1.9643866290003715 Vapor
260 2.5 2.4443654545278997 Vapor
260 3.0 2.919901642666221 Vapor
260 3.5 3.390996851906987 Vapor
260 4.0 3.8576523796677917 Vapor
260 4.5 4.3198691454819755 Vapor
260 5.0 4.777647673023771 Vapor
260 6.0 5.679890011844014 Vapor
260 7.0 6.5643749014091295 Vapor
260 8.0 7.43109012564935 Vapor
260 9.0 8.280014892302903 Vapor
260 10.0 9.111118835966124 Vapor
260 12.0 10.71968768991248 Vapor
260 14.0 12.256312037131396 Vapor
260 16.0 13.7202515361211 Vapor
260 18.0 15.110421690305547 Vapor
260 20.0 16.42525553748689 Vapor
260 22.0 17.66247272250305 Vapor
260 24.0 18.81865754032566 Vapor
260 26.0 19.378533476575374 Liquid
260 28.0 19.571970749432797 Liquid
260 30.0 19.766174903663043 Liquid
260 32.0 19.961203486749657 Liquid
260 34.0 20.157107823779356 Liquid
260 36.0 20.353934163045178 Liquid
260 38.0 20.55172455959422 Liquid
260 40.0 20.750517567885694 Liquid
260 42.0 20.95034879264216 Liquid
260 44.0 21.151251332522047 Liquid
260 46.0 21.35325614153605 Liquid
260 48.0 21.55639232646573 Liquid
260 48.84 21.642053567744057 Liquid
260 50.0 21.760687393874868 Liquid
260 55.0 22.276663578804683 Liquid
260 60.0 22.80042024170076 Liquid
260 65.0 23.33229976940574 Liquid
260 70.0 23.872618492307197 Liquid
260 80.0 24.979745803706283 Liquid
260 90.0 26.124019073886902 Liquid
260 100.0 27.307513449442887 Liquid
280 0.1 0.09992515795304747 Vapor
280 0.2 0.1997006472732982 Vapor
280 0.3 0.29932649096493863 Vapor
280 0.4 0.39880271178088306 Vapor
280 0.5 0.4981293322211306 Vapor
280 0.6 0.5973063745311056 Vapor
280 0.7 0.6963338606999812 Vapor
280 0.8 0.7952118124589873 Vapor
280 0.9 0.8939402512797006 Vapor
280 1.0 0.9925191983723185 Vapor
280 1.2 1.1892287008966789 Vapor
280 1.4 1.3853404844193524 Vapor
280 1.6 1.5808547090321083 Vapor
280 1.8 1.7757715304728174 Vapor
280 2.0 1.9700911000658778 Vapor
280 2.5 2.4532779997398286 Vapor
280 3.0 2.932735149959774 Vapor
280 3.5 3.4084645363797197 Vapor
280 4.0 3.880467954500081 Vapor
280 4.5 4.348747002685364 Vapor
280 5.0 4.813303074797236 Vapor
280 6.0 5.7312507966193165 Vapor
280 7.0 6.634317873913778 Vapor
280 8.0 7.522507241874517 Vapor
280 9.0 8.395817694818334 Vapor
280 10.0 9.25424352320865 Vapor
280 12.0 10.926393429180349 Vapor
280 14.0 12.538804121955026 Vapor
280 16.0 14.091217623335927 Vapor
280 18.0 15.583246131098145 Vapor
280 20.0 17.014338281316153 Vapor
280 22.0 18.383731641407845 Vapor
280 24.0 19.690383336105345 Vapor
280 26.0 20.932864027151336 Vapor
280 28.0 22.10918610461852 Vapor
280 30.0 23.216502444736552 Vapor
280 32.0 24.250515390700443 Vapor
280 34.0 25.204092989273533 Vapor
280 36.0 25.52804308112802 Liquid
280 38.0 25.7915949926742 Liquid
280 40.0 26.054649268415425 Liquid
280 42.0 26.317521123771453 Liquid
280 44.0 26.58045504437084 Liquid
280 46.0 26.843646943108006 Liquid
280 48.0 27.10725788616429 Liquid
280 48.84 27.218132706162287 Liquid
280 50.0 27.371423073379226 Liquid
280 55.0 28.034981516301254 Liquid
280 60.0 28.70412604401041 Liquid
280 65.0 29.379933542788162 Liquid
280 70.0 30.063253681768355 Liquid
280 80.0 31.455125937063332 Liquid
280 90.0 32.88425921737704 Liquid
280 100.0 34.354244838876006 Liquid
290 0.1 0.09993115989382431 Vapor
290 0.2 0.19972465401154077 Vapor
290 0.3 0.29938050386752885 Vapor
290 0.4 0.3988987307886456 Vapor
290 0.5 0.498279355913124 Vapor
290 0.6 0.5975224001894622 Vapor
290 0.7 0.6966278843753017 Vapor
290 0.8 0.7955958290362961 Vapor
290 0.9 0.8944262545449703 Vapor
290 1.0 0.9931191810795684 Vapor
290 1.2 1.190092616961122 Vapor
290 1.4 1.386516294176863 Vapor
290 1.6 1.5823903670387214 Vapor
290 1.8 1.7777149866359128 Vapor
290 2.0 1.9724903007954884 Vapor
290 2.5 2.45702631511042 Vapor
290 3.0 2.9381322304983466 Vapor
290 3.5 3.415810078126586 Vapor
290 4.0 3.890061750080437 Vapor
290 4.5 4.360888994824083 Vapor
290 5.0 4.82829341243808 Vapor
290 6.0 5.752839394428236 Vapor
290 7.0 6.663709332570743 Vapor
290 8.0 7.560910141464687 Vapor
290 9.0 8.44444581254899 Vapor
290 10.0 9.31431719043068 Vapor
290 12.0 11.01305318505545 Vapor
290 14.0 12.65705169259478 Vapor
290 16.0 14.246176452801171 Vapor
290 18.0 15.780207598282605 Vapor
290 20.0 17.258823670352886 Vapor
290 22.0 18.681577647220628 Vapor
290 24.0 20.047864186028235 Vapor
290 26.0 21.35687350403395 Vapor
290 28.0 22.60752404310565 Vapor
290 30.0 23.798359581237854 Vapor
290 32.0 24.92738252609125 Vapor
290 34.0 25.991761673952976 Vapor
290 36.0 26.987259005947667 Vapor
290 38.0 27.90688832657209 Vapor
290 40.0 28.636933935323572 Liquid
290 42.0 28.948792776124034 Liquid
290 44.0 29.25698394308207 Liquid
290 46.0 29.562806992051968 Liquid
290 48.0 29.86708069560853 Liquid
290 48.84 29.99455607221629 Liquid
290 50.0 30.170372530295854 Liquid
290 55.0 30.92682355978906 Liquid
290 60.0 31.683947530184515 Liquid
290 65.0 32.444446590317526 Liquid
290 70.0 33.21016265763518 Liquid
290 80.0 34.76237223543711 Liquid
290 90.0 36.34840249271958 Liquid
290 100.0 37.97370914901357 Liquid
300 0.1 0.09993654122879043 Vapor
300 0.2 0.1997461784223808 Vapor
300 0.3 0.29942893173697566 Vapor
300 0.4 0.39898482118869544 Vapor
300 0.5 0.49841386665283854 Vapor
300 0.6 0.5977160878631389 Vapor
300 0.7 0.6968915044110163 Vapor
300 0.8 0.7959401357448211 Vapor
300 0.9 0.8948620011690738 Vapor
300 1.0 0.9936571198436956 Vapor
300 1.2 1.1908671928560954 Vapor
300 1.4 1.3875705051398697 Vapor
300 1.6 1.5837672046891116 Vapor
300 1.8 1.77945743710847 Vapor
300 2.0 1.974641345587034 Vapor
300 2.5 2.4603868671114797 Vapor
300 3.0 2.9429708680141085 Vapor
300 3.5 3.422395380206127 Vapor
300 4.0 3.898662333587084 Vapor
300 4.5 4.37177355308997 Vapor
300 5.0 4.841730755596371 Vapor
300 6.0 5.772189417411499 Vapor
300 7.0 6.690049766924293 Vapor
300 8.0 7.595321301145986 Vapor
300 9.0 8.488011439767394 Vapor
300 10.0 9.368125386311839 Vapor
300 12.0 11.090633503579337 Vapor
300 14.0 12.762836736924323 Vapor
300 16.0 14.384679080880273 Vapor
300 18.0 15.956049575556353 Vapor
300 20.0 17.476772423289816 Vapor
300 22.0 18.946594379221228 Vapor
300 24.0 20.365168381322555 Vapor
300 26.0 21.732031864651383 Vapor
300 28.0 23.04657734379877 Vapor
300 30.0 24.308011362080062 Vapor
300 32.0 25.51529520748009 Vapor
300 34.0 26.66705557542798 Vapor
300 36.0 27.76144243595719 Vapor
300 38.0 28.795886059375615 Vapor
300 40.0 29.766637833867996 Vapor
300 42.0 30.66776001980426 Vapor
300 44.0 31.488218011377814 Vapor
300 46.0 32.125133574094605 Liquid
300 48.0 32.49986334490851 Liquid
300 48.84 32.653327368952326 Liquid
300 50.0 32.86279360491686 Liquid
300 55.0 33.745871646958626 Liquid
300 60.0 34.612771188006896 Liquid
300 65.0 35.473821962957636 Liquid
300 70.0 36.33426862403223 Liquid
300 80.0 38.065213064917636 Liquid
300 90.0 39.821557226594564 Liquid
300 100.0 41.61260180391562 Liquid
305 0.1 0.09993902491095712 Vapor
305 0.2 0.1997561127189681 Vapor
305 0.3 0.29945128294630585 Vapor
305 0.4 0.39902455499418293 Vapor
305 0.5 0.4984759481421487 Vapor
305 0.6 0.5978054815474834 Vapor
305 0.7 0.6970131742445855 Vapor
305 0.8 0.7960990451443573 Vapor
305 0.9 0.8950631130335813 Vapor
305 1.0 0.9939053965742978 Vapor
305 1.2 1.1912246846308572 Vapor
305 1.4 1.3880570560913907 Vapor
305 1.6 1.5844026556964848 Vapor
305 1.8 1.780261626129064 Vapor
305 2.0 1.9756341079931699 Vapor
305 2.5 2.4619378288678497 Vapor
305 3.0 2.94520396166127 Vapor
305 3.5 3.4254345268862054 Vapor
305 4.0 3.9026314576521974 Vapor
305 4.5 4.376796597283039 Vapor
305 5.0 4.847931696835303 Vapor
305 6.0 5.781118302970471 Vapor
305 7.0 6.702203338117663 Vapor
305 8.0 7.6111972106201735 Vapor
305 9.0 8.50810857481847 Vapor
305 10.0 9.392944221532419 Vapor
305 12.0 11.126405477480267 Vapor
305 14.0 12.811593178425186 Vapor
305 16.0 14.448480693166681 Vapor
305 18.0 16.036996585233965 Vapor
305 20.0 17.577017229409336 Vapor
305 22.0 19.068357568091642 Vapor
305 24.0 20.510759368432357 Vapor
305 26.0 21.903876052760108 Vapor
305 28.0 23.247252719478997 Vapor
305 30.0 24.54029922728923 Vapor
305 32.0 25.782252948085638 Vapor
305 34.0 26.972125528137706 Vapor
305 36.0 28.108623701497255 Vapor
305 38.0 29.190025439026723 Vapor
305 40.0 30.213973103087117 Vapor
305 42.0 31.177095544215696 Vapor
305 44.0 32.07422049971407 Vapor
305 46.0 32.89633362879268 Vapor
305 48.0 33.62198113033663 Vapor
305 48.84 33.86301300978941 Liquid
305 50.0 34.111521787943055 Liquid
305 55.0 35.09637015588606 Liquid
305 60.0 36.03495121507649 Liquid
305 65.0 36.95656773608551 Liquid
305 70.0 37.87159588992852 Liquid
305 80.0 39.701702932366736 Liquid
305 90.0 41.5497686178554 Liquid
305 100.0 43.428502321797275 Liquid
305.38 0.1 0.09993920841518161 Vapor
305.38 0.2 0.1997568467038582 Vapor
305.38 0.3 0.29945293434128833 Vapor
305.38 0.4 0.39902749068300675 Vapor
305.38 0.5 0.4984805349642317 Vapor
305.38 0.6 0.5978120862992675 Vapor
305.38 0.7 0.6970221636809019 Vapor
305.38 0.8 0.7961107859797997 Vapor
305.38 0.9 0.8950779719438919 Vapor
305.38 1.0 0.9939237401977591 Vapor
305.38 1.2 1.1912510974526593 Vapor
305.38 1.4 1.3880930042504305 Vapor
305.38 1.6 1.5844496050831678 Vapor
305.38 1.8 1.780321042408565 Vapor
305.38 2.0 1.9757074566290254 Vapor
305.38 2.5 2.4620524186912216 Vapor
305.38 3.0 2.945368948669579 Vapor
305.38 3.5 3.4256590659551662 Vapor
305.38 4.0 3.9029247035563923 Vapor
305.38 4.5 4.377167705755263 Vapor
305.38 5.0 4.848389825666706 Vapor
305.38 6.0 5.781777959887906 Vapor
305.38 7.0 6.703101208441226 Vapor
305.38 8.0 7.612370040437067 Vapor
305.38 9.0 8.509593193340685 Vapor
305.38 10.0 9.394777565411685 Vapor
305.38 12.0 11.129047646788885 Vapor
305.38 14.0 12.815193920774288 Vapor
305.38 16.0 14.453191753931716 Vapor
305.38 18.0 16.04297239205125 Vapor
305.38 20.0 17.58441573741238 Vapor
305.38 22.0 19.07734131876166 Vapor
305.38 24.0 20.52149683772889 Vapor
305.38 26.0 21.91654339954426 Vapor
305.38 28.0 23.262036101843087 Vapor
305.38 30.0 24.557397948475973 Vapor
305.38 32.0 25.801883857011777 Vapor
305.38 34.0 26.994529398355315 Vapor
305.38 36.0 28.134074895112132 Vapor
305.38 38.0 29.21884739254158 Vapor
305.38 40.0 30.2465650520321 Vapor
305.38 42.0 31.213983650134228 Vapor
305.38 44.0 32.116172044898356 Vapor
305.38 46.0 32.94469007733654 Vapor
305.38 48.0 33.680537982090485 Vapor
305.38 48.84 33.944446669130556 Liquid
305.38 50.0 34.20097623174534 Liquid
305.38 55.0 35.196535385448605 Liquid
305.38 60.0 36.141362804299916 Liquid
305.38 65.0 37.067999870840545 Liquid
305.38 70.0 37.98744505442904 Liquid
305.38 80.0 39.82542816739368 Liquid
305.38 90.0 41.68067892775537 Liquid
305.38 100.0 43.56622847411416 Liquid
310 0.1 0.0999413826647965 Gas
310 0.2 0.199765543322182 Gas
310 0.3 0.29947250088850813 Gas
310 0.4 0.3990622741755462 Gas
310 0.5 0.498534881889996 Gas
310 0.6 0.5978903426329913 Gas
310 0.7 0.6971286748996013 Gas
310 0.8 0.7962498970783293 Gas
310 0.9 0.8952540274506059 Gas
310 1.0 0.9941410841902817 Gas
310 1.2 1.1915640489262433 Gas
310 1.4 1.3885189345058042 Gas
310 1.6 1.585005882394033 Gas
310 1.8 1.781025032284507 Gas
310 2.0 1.9765765220820952 Gas
310 2.5 2.4634101223243228 Gas
310 3.0 2.9473237689133907 Gas
310 3.5 3.428319465112439 Gas
310 4.0 3.9063991393027773 Gas
310 4.5 4.381564643065204 Gas
310 5.0 4.853817749186112 Gas
310 6.0 5.789593453156832 Gas
310 7.0 6.71373877674181 Gas
310 8.0 7.626264843085435 Gas
310 9.0 8.527181293446517 Gas
310 10.0 9.416496200834017 Gas
310 12.0 11.160345265033444 Gas
310 14.0 12.85784146257123 Gas
310 16.0 14.508982135439547 Gas
310 18.0 16.113727993533274 Gas
310 20.0 17.67199758065654 Gas
310 22.0 19.183660465577145 Gas
310 24.0 20.648528760965757 Gas
310 26.0 22.066346412018117 Gas
310 28.0 23.436775452664605 Gas
310 30.0 24.7593780473027 Gas
310 32.0 26.033592524461522 Gas
310 34.0 27.258700586672145 Gas
310 36.0 28.433781094464706 Gas
310 38.0 29.55764252911107 Gas
310 40.0 30.62871975731609 Gas
310 42.0 31.644906875539473 Gas
310 44.0 32.603265012150544 Gas
310 46.0 33.49945356839583 Gas
310 48.0 34.32642570366406 Gas
310 48.84 34.65027016543089 Gas
310 50.0 35.0704213572426 Supercritical
310 55.0 36.374504888415885 Supercritical
310 60.0 37.410815357154576 Supercritical
310 65.0 38.40507489442047 Supercritical
310 70.0 39.382101068419 Supercritical
310 80.0 41.32043655590337 Supercritical
310 90.0 43.265799418227125 Supercritical
310 100.0 45.23610898225142 Supercritical
330 0.1 0.09994970799837818 Gas
330 0.2 0.19979884318523408 Gas
330 0.3 0.2995474223049954 Gas
330 0.4 0.3991954620443827 Gas
330 0.5 0.4987429790321992 Gas
330 0.6 0.5981899898391183 Gas
330 0.7 0.6975365109774707 Gas
330 0.8 0.7967825589010302 Gas
330 0.9 0.8959281500047981 Gas
330 1.0 0.9949733006247853 Gas
330 1.2 1.1927623454612073 Gas
330 1.4 1.3901498229102776 Gas
330 1.6 1.5871358615140532 Gas
330 1.8 1.783720588849503 Gas
330 2.0 1.9799041315212589 Gas
330 2.5 2.468608627279779 Gas
330 3.0 2.9548084370917915 Gas
330 3.5 3.4385054574008764 Gas
330 4.0 3.919701544587437 Gas
330 4.5 4.398398514183527 Gas
330 5.0 4.874598140063732 Gas
330 6.0 5.819512242857682 Gas
330 7.0 6.754457178470925 Gas
330 8.0 7.679445549733149 Gas
330 9.0 8.594489206107705 Gas
330 10.0 9.499599210987862 Gas
330 12.0 11.28005837784957 Gas
330 14.0 13.020894450004556 Gas
330 16.0 14.72216375362534 Gas
330 18.0 16.383906024023663 Gas
330 20.0 18.006142655574983 Gas
330 22.0 19.588874672691386 Gas
330 24.0 21.13208036422072 Gas
330 26.0 22.63571250887874 Gas
330 28.0 24.099695100017314 Gas
330 30.0 25.523919452583975 Gas
330 32.0 26.908239541288925 Gas
330 34.0 28.252466373617622 Gas
330 36.0 29.556361140011667 Gas
330 38.0 30.819626800201846 Gas
330 40.0 32.041897651120884 Gas
330 42.0 33.22272626774334 Gas
330 44.0 34.361567002847835 Gas
330 46.0 35.4577549711423 Gas
330 48.0 36.5104791549588 Gas
330 48.84 36.93943117889991 Gas
330 50.0 37.51874809012371 Supercritical
330 55.0 39.83627298671041 Supercritical
330 60.0 41.84076598864897 Supercritical
330 65.0 43.51152965453691 Supercritical
330 70.0 44.93069463942634 Supercritical
330 80.0 47.47815995227294 Supercritical
330 90.0 49.899864446442386 Supercritical
330 100.0 52.290925664824414 Supercritical
350 0.1 0.09995656757476183 Gas
350 0.2 0.1998262802584231 Gas
350 0.3 0.29960915296698754 Gas
350 0.4 0.39930520058564767 Gas
350 0.5 0.49891443796870344 Gas
350 0.6 0.5984368799394808 Gas
350 0.7 0.6978725412902493 Gas
350 0.8 0.797221436782141 Gas
350 0.9 0.896483581145066 Gas
350 1.0 0.9956589890776312 Gas
350 1.2 1.1937496542890889 Gas
350 1.4 1.3914935493761154 Gas
350 1.6 1.58889079079208 Gas
350 1.8 1.7859414944814047 Gas
350 2.0 1.9826457758768226 Gas
350 2.5 2.472891634707169 Gas
350 3.0 2.9609748524226625 Gas
350 3.5 3.446897189938787 Gas
350 4.0 3.930660387407238 Gas
350 4.5 4.41226616392771 Gas
350 5.0 4.891716217253463 Gas
350 6.0 5.8441558367903 Gas
350 7.0 6.787992389519869 Gas
350 8.0 7.7232386574559255 Gas
350 9.0 8.649907050512143 Gas
350 10.0 9.568009595417562 Gas
350 12.0 11.378563261760757 Gas
350 14.0 13.154987753295877 Gas
350 16.0 14.897364238115623 Gas
350 18.0 16.605766502507027 Gas
350 20.0 18.28026045538944 Gas
350 22.0 19.92090358620969 Gas
350 24.0 21.527744372063644 Gas
350 26.0 23.100821629793124 Gas
350 28.0 24.64016380902684 Gas
350 30.0 26.145788222744642 Gas
350 32.0 27.61770021317993 Gas
350 34.0 29.055892253095234 Gas
350 36.0 30.46034298622627 Gas
350 38.0 31.83101621685361 Gas
350 40.0 33.16785986837089 Gas
350 42.0 34.47080494647769 Gas
350 44.0 35.739764567545045 Gas
350 46.0 36.97463315201594 Gas
350 48.0 38.175285944722816 Gas
350 48.84 38.66932301920464 Gas
350 50.0 39.341579121930565 Supercritical
350 55.0 42.105890920625484 Supercritical
350 60.0 44.6516044371156 Supercritical
350 65.0 46.97651767235914 Supercritical
350 70.0 49.082635264309616 Supercritical
350 80.0 52.71924515422887 Supercritical
350 90.0 55.87578896328986 Supercritical
350 100.0 58.83168768464577 Supercritical
400 0.1 0.0999691896562255 Gas
400 0.2 0.19987676626014148 Gas
400 0.3 0.29972274126212967 Gas
400 0.4 0.3995071261092762 Gas
400 0.5 0.4992299322453809 Gas
400 0.6 0.5988911711109672 Gas
400 0.7 0.6984908541432917 Gas
400 0.8 0.7980289927763535 Gas
400 0.9 0.8975055984409053 Gas
400 1.0 0.9969206825644616 Gas
400 1.2 1.1955663318825205 Gas
400 1.4 1.393966032086284 Gas
400 1.6 1.5921198744803553 Gas
400 1.8 1.7900279503185192 Gas
400 2.0 1.9876903508040775 Gas
400 2.5 2.480772120420484 Gas
400 3.0 2.9723204115680097 Gas
400 3.5 3.4623366452503124 Gas
400 4.0 3.9508222405970157 Gas
400 4.5 4.43777861490123 Gas
400 5.0 4.923207183658506 Gas
400 6.0 5.889486557770849 Gas
400 7.0 6.849671652523033 Gas
400 8.0 7.803773731496204 Gas
400 9.0 8.751804033794087 Gas
400 10.0 9.693773775689744 Gas
400 12.0 11.559576339972734 Gas
400 14.0 13.401270768614017 Gas
400 16.0 15.21894616859451 Gas
400 18.0 17.01269148809574 Gas
400 20.0 18.78259560690505 Gas
400 22.0 20.528747440448793 Gas
400 24.0 22.2512360594157 Gas
400 26.0 23.950150827221503 Gas
400 28.0 25.625581557896304 Gas
400 30.0 27.27761869735551 Gas
400 32.0 28.90635353144843 Gas
400 34.0 30.511878424672744 Gas
400 36.0 32.09428709400489 Gas
400 38.0 33.65367492293178 Gas
400 40.0 35.19013932148457 Gas
400 42.0 36.703780138873945 Gas
400 44.0 38.19470013621012 Gas
400 46.0 39.663005527756646 Gas
400 48.0 41.10880660020425 Gas
400 48.84 41.709359756475294 Gas
400 50.0 42.532218420540126 Supercritical
400 55.0 45.993603069439914 Supercritical
400 60.0 49.31791252488128 Supercritical
400 65.0 52.507605188298484 Supercritical
400 70.0 55.565665705989815 Supercritical
400 80.0 61.30269862070848 Supercritical
400 90.0 66.57186044069886 Supercritical
400 100.0 71.43840881793444 Supercritical
450 0.1 0.09997758598518189 Gas
450 0.2 0.19991034997646936 Gas
450 0.3 0.2997983010299621 Gas
450 0.4 0.39964144820508757 Gas
450 0.5 0.4994398005646166 Gas
450 0.6 0.5991933671746783 Gas
450 0.7 0.698902157104776 Gas
450 0.8 0.7985661794278018 Gas
450 0.9 0.8981854432200531 Gas
450 1.0 0.9977599575612468 Gas
450 1.2 1.1967747742265262 Gas
450 1.4 1.3956107021303756 Gas
450 1.6 1.594267814035257 Gas
450 1.8 1.792746182759862 Gas
450 2.0 1.9910458811796239 Gas
450 2.5 2.4860139234083842 Gas
450 3.0 2.9798668733826483 Gas
450 3.5 3.472605874573682 Gas
450 4.0 3.964232072812383 Gas
450 4.5 4.454746616342061 Gas
450 5.0 4.944150655872115 Gas
450 6.0 5.919631838430023 Gas
450 7.0 6.890684877581838 Gas
450 8.0 7.85731907347459 Gas
450 9.0 8.819543771193555 Gas
450 10.0 9.777368362714629 Gas
450 12.0 11.67985504171036 Gas
450 14.0 13.564855262615504 Gas
450 16.0 15.4324460646217 Gas
450 18.0 17.28270544937039 Gas
450 20.0 19.11571246167647 Gas
450 22.0 20.931547275927546 Gas
450 24.0 22.730291288542407 Gas
450 26.0 24.512027216891585 Gas
450 28.0 26.276839205101876 Gas
450 30.0 28.024812937184144 Gas
450 32.0 29.75603575793992 Gas
450 34.0 31.4705968021161 Gas
450 36.0 33.168587132287186 Gas
450 38.0 34.85009988595137 Gas
450 40.0 36.51523043232731 Gas
450 42.0 38.16407653933263 Gas
450 44.0 39.796738551211554 Gas
450 46.0 41.41331957725336 Gas
450 48.0 43.01392569200738 Gas
450 48.84 43.681442705882766 Gas
450 50.0 44.59866614734743 Supercritical
450 55.0 48.491853327666995 Supercritical
450 60.0 52.288459046623686 Supercritical
450 65.0 55.99051590489846 Supercritical
450 70.0 59.60025224807216 Supercritical
450 80.0 66.55283877582407 Supercritical
450 90.0 73.16913000971692 Supercritical
450 100.0 79.4770543916127 Supercritical
500 0.1 0.09998340791587709 Gas
500 0.2 0.1999336365532569 Gas
500 0.3 0.29985069324997204 Gas
500 0.4 0.399734585348143 Gas
500 0.5 0.49958532019418816 Gas
500 0.6 0.5994029051388347 Gas
500 0.7 0.699187347537128 Gas
500 0.8 0.798938654748443 Gas
500 0.9 0.8986568341364937 Gas
500 1.0 0.9983418930693442 Gas
500 1.2 1.1976126790635127 Gas
500 1.4 1.3967510717628517 Gas
500 1.6 1.5957571302695317 Gas
500 1.8 1.7946309137563232 Gas
500 2.0 1.9933724814669367 Gas
500 2.5 2.4896483461536314 Gas
500 3.0 2.985099161915737 Gas
500 3.5 3.4797258603463925 Gas
500 4.0 3.973529375903691 Gas
500 4.5 4.466510645944857 Gas
500 5.0 4.958670610760798 Gas
500 6.0 5.940530400758755 Gas
500 7.0 6.919116328233548 Gas
500 8.0 7.8944360247314 Gas
500 9.0 8.866497172178422 Gas
500 10.0 9.835307504074372 Gas
500 12.0 11.763206920414625 Gas
500 14.0 13.678197220140447 Gas
500 16.0 15.580342255402368 Gas
500 18.0 17.46970682677395 Gas
500 20.0 19.346356727616648 Gas
500 22.0 21.210358790190593 Gas
500 24.0 23.06178093355009 Gas
500 26.0 24.900692213258814 Gas
500 28.0 26.7271628729553 Gas
500 30.0 28.541264397793608 Gas
500 32.0 30.34306956977789 Gas
500 34.0 32.13265252500187 Gas
500 36.0 33.9100888127956 Gas
500 38.0 35.67545545677156 Gas
500 40.0 37.428831017751136 Gas
500 42.0 39.170295658538926 Gas
500 44.0 40.899931210497634 Gas
500 46.0 42.61782124186024 Gas
500 48.0 44.32405112769666 Gas
500 48.84 45.03721154574119 Gas
500 50.0 46.018708121432624 Supercritical
500 55.0 50.20530961205018 Supercritical
500 60.0 54.32159435499982 Supercritical
500 65.0 58.36909966702833 Supercritical
500 70.0 62.34945693527898 Supercritical
500 80.0 70.11576749279821 Supercritical
500 90.0 77.63572981427038 Supercritical
500 100.0 84.92646221653838 Supercritical
600 0.1 0.09999064892465756 Gas
600 0.2 0.19996259909431585 Gas
600 0.3 0.29991585560477024 Gas
600 0.4 0.3998504235548417 Gas
600 0.5 0.4997663080463797 Gas
600 0.6 0.599663514184266 Gas
600 0.7 0.6995420470764173 Gas
600 0.8 0.7994019118337895 Gas
600 0.9 0.8992431135703794 Gas
600 1.0 0.9990656574032302 Gas
600 1.2 1.1986547918411294 Gas
600 1.4 1.3981693561448567 Gas
600 1.6 1.597609391360716 Gas
600 1.8 1.796974938584051 Gas
600 2.0 1.9962660389593514 Gas
600 2.5 2.494168355392875 Gas
600 3.0 2.991606281626061 Gas
600 3.5 3.4885804646013807 Gas
600 4.0 3.985091553210158 Gas
600 4.5 4.481140198303013 Gas
600 5.0 4.9767270527003316 Gas
600 6.0 5.966518010601716 Gas
600 7.0 6.954469689272136 Gas
600 8.0 7.940587383260008 Gas
600 9.0 8.924876419643798 Gas
600 10.0 9.907342158373014 Gas
600 12.0 11.866825349076858 Gas
600 14.0 13.819080505434144 Gas
600 16.0 15.764151725495031 Gas
600 18.0 17.702083666430724 Gas
600 20.0 19.63292155572823 Gas
600 22.0 21.556711202434208 Gas
600 24.0 23.473499008434896 Gas
600 26.0 25.383331979758005 Gas
600 28.0 27.286257737881517 Gas
600 30.0 29.18232453103319 Gas
600 32.0 31.071581245463477 Gas
600 34.0 32.95407741667357 Gas
600 36.0 34.829863240578874 Gas
600 38.0 36.69898958458731 Gas
600 40.0 38.56150799857042 Gas
600 42.0 40.4174707257042 Gas
600 44.0 42.26693071315518 Gas
600 46.0 44.10994162258633 Gas
600 48.0 45.94655784045555 Gas
600 48.84 46.71604298839224 Gas
600 50.0 47.7768344880792 Supercritical
600 55.0 52.325158965974126 Supercritical
600 60.0 56.835106067386214 Supercritical
600 65.0 61.30759982023175 Supercritical
600 70.0 65.74359533314359 Supercritical
600 80.0 74.51007119127274 Supercritical
600 90.0 83.1428167337724 Supercritical
600 100.0 91.65063624403483 Supercritical

//End of Part (b)//
